6165003267
6165003173
6164995541
6164960630
6164982851
6164971929
6164957292
6164956176
6164954658
6164954063
6164951861
6164950739
6164947105
6164943659
6164938496
6164937828
6164937121
6164914772
6164908226
6164902209
6164902052
6164901621
6164897981
6164895036
6164891818
6164891900
6164890215
6164889102
6164884254
6164882706
6164844435
6164832081
6164828723
6164825053
6164821147
6164812952
6164812311
6164807094
6164806318
6164800695
6164798196
6164793083
6164785880
6164771858
6164768339
6164767579
6164767293
6164765151
6164763202
6164761159
6164758682
6164752645
6164752757
6164747799
6164739495
6164731464
6164731523
6164725766
6164716844
6164716822
6164711893
6164710119
6164701483
6164695300
6164695239
6164689306
6164689211
6164687440
6163250646
6164666319
6164665351
6164661182
6164657083
6164650813
6164644070
6164619043
6164631488
6164636384
6164634699
6164633566
6164633451
6164622853
6164622925
6164610472
6159354470
6113060360
6164588918
6043611621
6164583501
6164574133
6164573497
6164573530
6164573272
6164572858
6164571302
6164569494
6165018929
6165014341
6165006737
6164996500
6164989872
6165036934
6165035899
6165030846
6165027913
6165026675
6165025797
6165026000
6165020660
6165020057
6165014063
6165062705
6165062563
6165052103
6165042693
6165049107
6165154464
6165150399
6165150415
6165150393
6165146995
6165142831
6165141989
6165140655
6165136771
6165109524
6165106059
6165102394
6165097826
6165094841
6165092282
6165089416
6165078474
6165084415
6165084393
6165070551
6165080306
6165078941
6165077604
6165073836
6165071724
6162715267
6165069977
6165069458
6165067600
6165066736
6165061631
6165053975
6165036601
6165023456
6165006807
6165385378
6165379762
6165378683
6165377500
6165373421
6165373181
6165371210
6165371107
6165366351
6165365529
6165364025
6165361023
6165361191
6165360158
6165356934
6165355497
6165350084
6165347115
6165345588
6165342776
6165334810
6165330572
6165327375
6165325442
6165321395
6165316833
6165281211
6165300709
6165291079
6165290797
6165283306
6165278510
6165277781
6165277096
6165270190
6165174267
6165253330
6165253131
6165251543
6165244604
6165244435
6165239594
6165237720
6165236084
6165229920
6165218840
6165216813
6165216049
6165214353
6165214068
6165211003
6165210567
6165206322
6165206152
6165205056
6165204391
6165203598
6165201896
6165202127
6165199453
6165198358
6165198099
6165197810
6165190803
6165189096
6165187392
6165185720
6165183226
6165180174
6165179998
6165177851
6165176440
6165175319
6165172529
6165171315
6165169592
6165168962
6165168247
6165158932
6165156823
6165155989
6165148295
6165135280
6165396990
6165396005
6165404928
6165402675
6165412643
6165401411
6165417608
6165417562
6165417533
6165441150
6165441265
6165441377
6165441223
6165441434
6165441171
6165440986
6165441100
6165441114
6165441211
6165441372
6165441195
6165441261
6165441111
6165441139
6165440920
6165440995
6165441161
6163455669
6165441133
6165441328
6165441071
6165441090
6165441118
6165440939
6165440898
6165441207
6165441024
6165441105
6165440880
6165441162
6165441121
6165441097
6165441181
6165441075
6165440929
6165440893
6165441004
6165440621
6165440997
6165440884
6165411428
6165441037
6165440873
6165384485
6165440904
6165440885
6165441041
6165441107
6165440766
6165440945
6165440613
6165440803
6165440875
6165440954
6165440862
6165441005
6165440918
6165440453
6165440959
6165440933
6165440661
6165440965
6165441053
6165440992
6165440783
6165440780
6165440925
6165439237
6165440902
6165440791
6165440733
6165440603
6165440879
6165440815
6165396300
6165440808
6165440890
6165440234
6165440510
6165440508
6165439503
6165440934
6165440792
6165440692
6165440812
6165440648
6165439928
6165440943
6165440286
6165440294
6165438040
6165440944
6165440795
6165440870
6165440581
6165513001
6165507404
6165510968
6165508765
6165508603
6165503902
6165493742
6165493168
6165482114
6165473918
6165469908
6165465552
6165463835
6165453946
6165452782
6165452561
6165449298
6165446360
6165445869
6165444097
6165443193
6165442995
6165442900
6165442414
6165441275
6165438509
6165435718
6165426809
6165398812
6165380208
6165370005
6165353585
6165342163
6165520880
6165541153
6165535780
6165501624
6165519798
6165514012
6165508412
6165502625
6165497232
6165485615
6165472893
6165409727
6165458647
6165561227
6165559003
6165570230
6165590299
6165587961
6165585636
6165581532
6165581142
6165581094
6165574475
6165623395
6165621676
6165621792
6165619276
6165619243
6165619215
6165619190
6165619161
6165614472
6165603841
6165603941
6165604000
6165603778
6165603804
6165595479
6165594196
6165591484
6165629497
6177205252
6176383944
6176352104
6176335716
6176309802
6176280230
6176072637
6174676042
6174588768
6174359911
6174182246
6173897344
6173591891
6173591872
6172829294
6172663443
6172576719
6172554872
6172516593
6172415065
6172341374
6172320183
6172245676
6172171396
6172141819
6172142068
6171946148
6171904637
6171878584
6171618445
6170480279
6169678605
6169235799
6168420710
6167617526
6167076732
6166173512
6165213869
6165624684
6165344381
6165328701
6165183648
6165148440
6165093662
6165057649
6164883153
6161159943
6161085456
6160627020
6160425649
6159768919
6159097172
6155125809
6158621718
6157666467
6157018053
6156826451
6156334645
6155045168
6149776618
6153710442
6153634057
6153021411
6151712740
6149366206
6147433583
6144721366
6142678115
6142496181
6142412730
6140186550
6139969214
6139731091
6139705383
6139657983
6139350372
6138131617
6136692374
6118517330
6137232623
6136719182
6135671408
6135640831
6135597339
6135579199
6135523641
6135424363
6135402693
6135373780
6134863521
6134628074
6134503887
6134049955
6134036690
6134032892
6133682507
6075545806
6075472240
6028560450
5904426078
5866531206
5768743178
5720782475
5606260591
3579912645
6169209379
6131724085
6080608471
6065204764
5974660081
5872329598
5844390387
5844373187
5560804150
4789271346
4261429533
4261417761
4188058348
4180723321
4025513785
3792011653
3792157349
3884223637
3794327604
3590799195
3432735301
3354622868
3109544905
3384970875
2929867425
2880722620
2008786148
1882992696
1799692615
798700843
573417949
508179158
459483913
148790167
6182710969
6182130147
6173161689
6173150666
6169858280
6167682690
6167602902
6166041481
6165136494
6164882068
6164843846
6160597221
6160588992
6159329463
6157808183
6157415780
6152318249
6152291906
6151171696
6150412988
6144509025
6143592172
6143579017
6143260003
6142311511
6142285749
6142256966
6142080521
6142013508
6141708624
6138685959
6130086016
6129648584
6129537274
6128440181
6125993790
6125674047
6124439063
6122838096
6122539188
6120638371
6118652119
6116909980
6116445669
6112402922
6112030569
6110648618
6107722511
6106534110
6104862095
6083377649
6082594444
6075961082
6075949419
6062127322
6062112364
6062000114
6053136307
6037687340
6030264830
6028865990
6028033383
6025960061
6019549809
6015770657
6008501617
6002182880
6002110638
5993935549
5973074787
5969898562
5968487117
5959458010
5958091443
5955207095
5953282087
5952012868
5948125090
5946943208
5941080844
5928527624
5927860200
5925450553
5921091227
5921089970
5915036650
5906254592
5913087157
5913040017
5905088241
5904945934
5891515715
5887517301
5883353784
5878910606
5877899307
6183404894
6182695763
6176300996
6176284643
6176245384
6175331793
6176228017
6176264853
6175342034
6175322019
6175356222
6176312687
6169543031
6169577652
6179223714
6178604220
6178074944
6176470710
6175028227
6178018386
6177964773
6177964708
6177783599
6177633087
6177618164
6177606634
6175430364
6177019609
6175096895
6175633894
6174310837
6173484749
6173498884
6173073123
6172204748
6173850147
6173424800
6172048271
6169567972
6169330447
6168332510
6167393813
6168341221
6166647040
6165336194
6152746641
6153432191
6162070262
6162088332
6172121258
6160443817
6160210002
6158981098
6154865710
6154647897
6153857181
6146538914
6153644909
6152917057
6152190838
6150024332
6149801048
6148516863
6144611193
6144635102
6132340154
6145209383
6142603344
6141222842
6134262802
6137690385
6132625831
6124021508
6132163081
6123244766
6133824408
6133755944
6133614966
6122124456
6122139304
6129991693
6128419275
6124296915
6111681207
6117853637
6120670039
6118542248
6120023379
6116498062
6116833627
6116021283
6115448171
6112311778
6112363149
6112614067
6103357632
6004499632
5898019746
5883825832
5772257050
5279986578
4904914495
4680895528
1835285769
6191665090
6191635632
6191330827
6190389158
6189971385
6183755171
6192217010
6191828148
6191868540
6188116026
6191502238
6190610060
6188910525
6189995801
6187954170
6187977909
6186277192
6186254874
6179032506
6178764182
6176649080
6175941357
6183006033
6183001355
6177959717
6169493537
6168546145
6176747889
6183433332
6181099622
6133363415
6131563311
6119203119
6055172541
6038895532
6025886097
6025384243
6021220978
6002001685
5957208619
5954532926
5950476236
5949893988
5946860289
5941632337
5940988173
5938070764
5911756616
5910118690
5906733996
5900064067
5885521360
5884852024
5883034774
5871977734
5860866687
5838224656
5803829134
5803073551
5758496753
5740858968
5721925692
5644929370
5627863023
5626949354
5617267171
5592663859
5523429771
5484431551
5355481385
5343246926
5252857530
5241656563
5209618023
5208630521
4628791727
4433797149
3900886675
4335194112
4211765733
4194192467
4267895656
4043252742
3964043282
3938621607
3905936474
3676796487
2833431468
2495684124
2119789061
2008777221
1815707330
6190990999
6184664745
6183312757
6180803614
6179362435
6175493722
6172192890
6169656509
6169665886
6169986761
6168554638
6165805334
6163317033
6162170976
6160460787
6158978266
6154109427
6138768255
6137617614
6133313854
6121662281
6120784503
6115617577
6105895271
6104642445
6102487549
6101127550
6098673141
6097879217
6095652513
6094106368
6084893359
6080269284
6075130152
6074041783
6065047600
6052220898
6045130752
6042968322
6036528777
6022136751
5999827638
5999051018
5981335631
5980211423
5955092123
5955032069
5944961376
5919635973
5918877455
5865310371
5854968272
5838367090
5837005384
5829270864
5821337068
5815433171
5803448267
5803486615
5765676872
5764504491
5763292730
5755866292
5718643498
5717524679
5704266600
5648510786
5673059122
5662527597
5658469253
5655814898
5644672547
5637020052
5630255575
5618430229
5601038106
5595347609
5591011208
5578499750
5533886881
5503855098
5502091010
5493878970
5493794460
5477699591
5469810443
5469444296
6188334360
6188187720
6191373865
6191372511
6191277538
6190086031
6189610145
6189470508
6189404406
6189389520
6188954059
6188524272
6188300276
6188088698
6187741496
6187721913
6187436673
6187384331
6187351777
6187219026
6187197892
6185916015
6185836339
6185581508
6184982868
6184561150
6181832072
6183819692
6183760427
6182523762
6182155051
6181877504
6181805841
6181744892
6180825018
6179965107
6179765934
6179198131
6177878601
6178833372
6178353825
6174816821
6177052384
6175660541
6174727050
6174191765
6172993147
6169114791
6167048272
6166994888
6167034290
6166262720
6166287789
6166298958
6166311480
6166155967
6165354731
6165082392
6163154343
6161039067
6156120086
6159915918
6145541457
6159718770
6159702265
6159674792
6159628714
6159607907
6158711676
6158090417
6155711524
6155268571
6154895936
6154276635
6153703945
6193110682
6192507122
6192490358
6192308891
6192150169
6192019808
6188043721
6191170434
6191050676
6190993609
6190792289
6190461219
6190336706
6190164331
6189914661
6189828980
6189839518
6189816244
6189803159
6189793130
6189835662
6189804795
6189768003
6189737035
6189726149
6189715166
6189757361
6189736617
6189727918
6189598696
6189304575
6189320148
6189224468
6189199855
6189159554
6189150270
6189141472
6186521956
6189079158
6188985514
6188606913
6188453900
6188378441
6188241064
6187784627
6187432228
6187355827
6187332320
6187291547
6184126406
6185988604
6185231027
6184936288
6184610845
6184163923
6183653726
6183602864
6183496292
6183352022
6183064564
6182993502
6182834756
6182253025
6182380221
6182287233
6182157417
6182142841
6182127367
6182122854
6182093800
6182018077
6181398347
6181134361
6180789146
6180733713
6180639359
6180598118
6188925427
6193786256
6193306603
6194436860
6194411192
6194387494
6194382509
6194379618
6194377696
6194342157
6194314171
6194086690
6194067048
6194041323
6194002985
6179572739
6192192085
6152612707
6147621924
6141766366
6137572632
6111167850
6099697223
6066826914
6039313868
6031213314
6014334239
6007583301
5983241892
5962073343
5943327527
5927999820
5877342018
5855346075
5852489093
5842303907
5835567314
5749811102
5745001673
5714514516
5683267835
5624324850
5588569074
5578384469
5563719651
5559012053
5553300068
5530735180
5526172312
5511393006
5480549179
5464562195
5436607014
5428463336
5421558497
5387957146
5372826161
5339545341
5261180493
5250798907
5210997099
5204940292
5204331015
5009410007
4727507514
4722136694
4649728262
4589027918
4511652557
4511231359
4263368320
4208010413
4181367334
4015338653
3934815400
3918568504
3891049204
3804447187
3800417072
3715586425
3577074238
3524652097
3490150921
3435095030
3356227445
3312134800
4514971447
3078039541
2900288458
2813666988
2801310504
2740240928
2707884952
2614660617
2555715419
2553346657
2448142204
2325492647
2251671113
1747863193
1520940987
1505445454
1291388481
1108354221
818755591
813517014
807055760
682045784
521214286
438137450
370700188
291051481
6112140736
6040226030
5848928189
5807476467
5730334316
5598550157
5508970451
5173802874
4491693704
4234588878
4233500113
4079043883
2639471642
2224867356
1804944642
935939564
535840600
6194607571
6185786051
6194710834
6195074545
6194940379
6194891308
6194821340
6194838317
6189383533
6182221890
6175347123
6154411530
6146420862
6134880363
6130377717
6117200792
6107187312
6107179981
6093879728
6083314350
6083304889
6071465235
6066924671
6066672250
6062405053
6038305959
6034260861
6034248120
6033709451
6033487696
5978375927
5966130890
5948109516
5945853884
5939654878
5881485668
5881252302
5868829645
5867226696
5867210095
5839461172
5821136168
5815992337
5772975303
5769762582
5746659241
5746537607
5741155316
5739346013
5716473203
5709047144
5685205073
5685195036
5682609717
5673190388
5666841195
5658459160
5648150533
5614580486
5614493812
5607190564
5607179057
5588915447
5588910826
5585579375
5569240545
5561793612
5554656490
5554583198
5554565769
5554551918
5554520390
5463137382
5415262695
5412575744
5310168331
5262280618
5218091435
5218059265
5195201733
5188762177
5176637853
5162109683
5031942726
4983270996
4904587610
4844958476
4757890638
4683861229
4659007636
4343676140
4288469428
3869969498
3711348416
3519268823
3193420045
3146327505
3123485261
3034425611
3034308694
3031426484
2993613873
2979912450
6195045923
6195040219
6195039400
6195035349
6195034141
6194998066
6194978260
6194970673
6194965749
6194963828
6194958097
6194949318
6194938227
6194896077
6194816172
6194809981
6194803168
6194799462
6194747176
6194684519
6194615874
6194603241
6194595007
6194588083
6194580738
6194574438
6194570416
6194480273
6194448323
6194446626
6194439600
6194431277
6194424147
6194395523
6194358702
6194395287
6194365792
6194358959
6194351727
6194347850
6194336563
6194326387
6176801597
6194239116
6194159277
6194099356
6194114686
6194112870
6194021020
6193985637
6193999477
6194004778
6193972706
6193987730
6193943999
6193906042
6193837941
6193715998
6193698383
6193602511
6193612409
6193555646
6192459841
6193599873
6193584209
6193574045
6193574159
6193525052
6193546646
6193528704
6192389864
6193405820
6190010269
6193386081
6193372718
6190024518
6193196831
6193240545
6193158632
6193161281
6193129350
6193011219
6193008165
6190367585
6190420255
6192349907
6192866881
6192818544
6192863801
6174762312
6190446890
6192597444
6192523953
6192537643
6192536627
6192513948
6195100513
6195096292
6194738543
6194608079
6195097200
6194587807
6195093948
6195091830
6195090469
6195089340
6194542371
6195087988
6195083527
6195077066
6195075562
6195074811
6195066243
6195065444
6195065859
6195065052
6195063809
6195061943
6195060362
6195061464
6195059737
6195055292
6193937945
6195046241
6195046275
6195039576
6195039252
6195040902
6195031140
6195028962
6195014158
6195010498
6195004882
6194997089
6194995234
6194967350
6194985790
6194978926
6194980134
6194976739
6195084639
6195133712
6195112294
6195073389
6195062360
6195040655
6195145166
6195135604
6195131130
6153335929
6153328523
6195177085
6195229414
6195182413
6195164507
6195216585
6195213223
6195204514
6195164156
6195135250
6195131170
6195078836
6195069569
6195054977
6195228342
6195228503
6195228347
6195227188
6195216854
6195211335
6195211224
6195211128
6195201221
6195195224
6195194724
6195193146
6195190332
6194292090
6195181497
6195177861
6195175222
6195157694
6195163182
6195161535
6195154254
6195150934
6195150249
6195145907
6195144795
6195143091
6195139906
6195129753
6195137996
6195134739
6195134691
6195133720
6195129458
6195126753
6195122828
6194832483
6194652645
6195099681
6194526663
6195066439
6194973878
6194971655
6194959510
6194965887
6194964358
6194952583
6194538172
6194941308
6164728354
6155699955
6028652592
5823473524
5820359244
5732322233
5664987362
5412695992
5379341742
5291402950
5196526342
5137562244
5070986216
5067443598
5067291578
5019589072
5004910207
4764264913
4756499107
4723033491
6195210810
6195211731
6195249768
6195158661
6195278387
6195267473
6195253335
6195250026
6195234541
6195247911
6195228494
6195237054
6195196889
6195217973
6195211276
6195210281
4524011660
4458277757
3571103247
3365077978
3270615329
2911583193
2684352821
1834320304
1773562200
6189520758
5920691367
5902283365
5578421948
5477004965
5444971497
5424064106
5346976498
5328673810
5181720141
5060711672
5060693872
5060672591
4416873488
4282110769
4248434270
4217988512
4082583742
4017962220
3513553040
1019755895
6195330777
6195294386
6195232329
6192683306
6195282874
6195245374
6195207541
6195189830
6195181959
6195335816
6195311371
6195310928
6195344398
6195310065
6195303568
6195295651
6195291811
6195288707
6195287963
6195280900
6195281228
6195270133
6195270118
6195271905
6195270820
6195266176
6195260836
6191860968
6195253050
6195417946
6195251725
6195242323
6195237870
6195384594
6195384036
6191073947
6195465021
6194488688
6195429177
6195440383
6195428749
6191637584
6195429237
6195429258
6195417235
6195414877
6195408896
6195383832
6195361893
6195371349
6195378815
6195368651
6195365853
6195319126
6195471909
6195530812
6195530970
6195521486
6195521076
6195510982
6195500370
6195510496
6195487110
6195475667
6193550950
6195453097
6195413047
6195443601
6195565621
6195563037
6195559022
6195535124
6195529292
6195529132
6195527219
6195523622
6195522685
6195513082
6195507943
6195493526
6195491019
6195491363
6195473446
6195467490
6195552906
6195566480
6195503163
6195474368
6195585697
6195585764
6195547690
6195540960
6195513847
6195508048
6195479486
6195613532
6195585653
6195574782
6195570680
6195566795
6195461742
6191641031
6195401983
6195381284
6195428987
6195604011
6195562510
6195466972
6195620081
6195577921
6195582167
6195554860
6193188698
6196395384
6196224393
6196075646
6195723101
6196405157
6196402863
6196400243
6196383460
6196367759
6196333872
6196331826
6196331638
6196317170
6196294402
6196271150
6196243530
6196238748
6196217217
6196186777
6196186810
6196177998
6196176017
6196169603
6196158085
6196142287
6196122980
6196107135
6196074565
6196090589
6196071982
6196057176
6196029557
6195994784
6195992898
6195988519
6195980485
6196474767
6196463754
6195793403
6195805899
6195820377
6195832609
6195849627
6195929858
6195915026
6195903254
6195848107
6195815664
6195795360
6195805549
6195780408
6195739233
6195738156
6195713789
6195703638
6195678850
6195650685
6195641169
6195629322
6195634812
6195631049
6195605531
6195582143
6195583595
6195561502
6195422839
6195437572
6195433025
6195429340
6195413427
6195401444
6195356369
6195368264
6195220804
6195367015
6195383425
6195360321
6195369855
6195278135
6195220766
6195145890
6195126779
6195130346
6195111994
6195108307
6195089281
6195069528
6195070482
6195053667
6195045732
6178822186
6194976202
6194958648
6194944539
6194926209
6194894881
6196428306
6196157416
6196130671
6196123570
6196081753
6195804759
6195790951
6195777246
6195746794
6195738323
6195678984
6041417390
6195029168
6195021844
6195003449
6194838124
6194768886
6194724791
6194715327
6194727016
6194702978
6194670643
6194653383
6194637234
6194537310
6194426920
6194326512
6194314934
6194023874
6194227620
6194218214
6194065343
6194000537
6193989222
6193829321
6193795172
6193650993
6193629804
6194867810
6196722112
6196705236
6196704254
6196694082
6196682217
6196680010
6196675760
6196665976
6196665621
6196662032
6196657550
6196651215
6196642001
6196635358
6196634370
6196633792
6196631924
6196631665
6196626239
6196619997
6196618137
6196618004
6196608867
6196611570
6196609876
6196601950
6196599783
6196596897
6196590091
6196584999
6196579012
6196567559
6196574403
6196575519
6196568584
6196567809
6196562947
6196560623
6196558219
6196559261
6196549201
6196542345
6196533821
6196542259
6565047454
6564106879
6555421505
6552880860
6551884284
6546908035
6543964483
6542936026
6532855311
6530526627
6529092907
6513514086
6508673768
6500031498
6493574820
6473960751
6451136339
6449457680
6445354556
6429252696
6379806126
6370941587
6367571800
6363073544
6332313656
6281100924
6229676556
6166460895
6151607614
6103306698
6022099548
5992331202
5947089052
5946316941
5945092411
5931705298
5846526944
5730817796
5728671742
5682555667
5630901931
5566658158
5411404929
5410513106
5259178183
5230863123
5067529265
5055209637
4922679376
4141198719
4119414849
3997986729
3919973741
3851279167
3769271274
3616100296
3523798785
3511466360
3090147968
1992507915
1832528158
1765316949
6566172798
6566013420
6565703614
6565602970
6565063106
6565010351
6564758485
6564747969
6564738121
6564719881
6564669925
6564548354
6564406402
6564282638
6564188350
6564113298
6563930164
6563814141
6563808978
6563576385
6563322543
6563319249
6562886809
6562784512
6562708217
6562647053
6562641936
6562633563
6562611590
6562451669
6562417105
6562200795
6562126522
6562126592
6562126482
6562126425
6562126572
6562127457
6562127429
6562127527
6561610923
6561610878
6561579876
6561456097
6560710423
6560273579
6560206054
6559568023
6559043092
6558501212
6557588730
6557551116
6557252338
6557195080
6556853275
6556166749
6555557979
6555540915
6555155474
6554916918
6554902142
6554902114
6554902042
6554902011
6554891800
6554891956
6554891907
6554891705
6554806075
6554733607
6554708755
6553428511
6553246908
6553224498
6553001440
6553011876
6552608672
6552240018
6551744686
6551570109
6550711149
6550365132
6550310963
6550288530
6550249430
6549935716
6549828530
6549395352
6549375873
6549365473
6548918982
6547876081
6547709370
6547701964
6547317877
6546887067
6420782111
6419587806
6419503137
6419471178
6238576524
5056446468
4020172730
6505381452
6472331064
6430151416
6414660436
6393930697
6273944625
5067434672
6565952337
6565672927
6562773801
6562231927
6561753822
6560064579
6559999068
6552847002
6552626273
6550359449
6550254094
6542733243
6542674085
6542408487
6542248065
6541701829
6538780326
6538843457
6536617099
6535247787
6534404086
6532774410
6532257567
6530205610
6529814810
6529548952
6528072468
6527859456
6526287506
6524219774
6524133548
6523516387
6523110094
6521094198
6520559288
6520038288
6518568006
6517652172
6517345992
6517279007
6515812419
6515173102
6514879029
6514243907
6513811495
6512265220
6508698697
6508369241
6506903919
6506373248
6504443977
6504001809
6503725521
6502507682
6496499230
6495061031
6491843538
6491177324
6488973084
6476065857
6475346146
6473487528
6473427813
6473098803
6472975518
6472635763
6470987629
6470480755
6468810603
6466095218
6457113090
6453175254
6452850796
6452151456
6448481946
6447254416
6443518931
6441052022
6439468948
6438604682
6437807643
6435395938
6427275748
6418601333
6409885569
6408451897
6406283069
6404947675
6399044474
6392954016
6393210840
6389601803
6386065290
6383118493
6335403526
6381813940
6564161470
6566125595
6565815292
6565181479
6564793429
6564531599
6564076816
6563955999
6563724549
6563630740
6563267454
6563251829
6562968533
6562876054
6562560651
6562374987
6562260605
6560996585
6559738201
6559187514
6558332289
6558317408
6558305669
6558214498
6558166725
6557526735
6556447430
6556371417
6556117775
6555206390
6555028246
6554867279
6554840918
6553727274
6553661983
6550899747
6552493552
6551883635
6551782289
6551677311
6551572845
6550898353
6550816007
6550743576
6550727739
6550678272
6550696063
6547320760
6548992577
6548210658
6547738311
6547715157
6547602347
6547301394
6546705110
6545739052
6544515084
6544000618
6543831051
6543491555
6542847662
6542811215
6542795750
6542550226
6542343965
6541863850
6541409336
6540338829
6540152428
6539123412
6538828624
6538809890
6538490874
6538350417
6538059593
6538050669
6535564177
6533566737
6532527164
6530916228
6528549489
6527146582
6525957532
6405383294
6525332741
6523639689
6523543351
6523457310
6521771143
6521665046
6520192458
6697194378
6696333033
6695308422
6694438898
6694229568
6693734209
6692205431
6690185819
6690153151
6685491695
6684252267
6684242973
6670707804
6670699975
6661899239
6660552394
6656535676
6655240100
6648601331
6643228337
6640891635
6612836520
6612814649
6606744181
6594018574
6580171286
6572619811
6569203123
6681795134
6673334768
6637848164
6637766068
6619131265
6572251744
6454327405
6453730947
6418295796
6405856584
6336209473
6156421398
6144015635
6134101467
5859348986
5688972706
5645278230
5635826343
5292322691
5286253849
5137011005
4966692077
3476780058
3306169343
1771093537
1641959346
691372232
513794891
265550110
6607286272
6582171362
6688290012
6688225102
6672395746
6654389422
6646788085
6602053001
6696924085
6696312139
6696024923
6695112250
6694701458
6694645287
6694509955
6693154938
6693149710
6691922214
6691425020
6691337006
6622449575
6689028458
6688723662
6688267685
6676930841
6684355838
6682020703
6680814599
6680749304
6680513783
6680090280
6680001214
6677633810
6676929584
6676048490
6674697187
6674617793
6671978007
6670675023
6670380788
6668457723
6667633256
6667357411
6667213352
6666532915
6664647262
6663804911
6663288287
6662057281
6661373204
6657979071
6657602092
6657582628
6655755815
6652580945
6651069321
6649949519
6649220393
6649119569
6638179118
6641375349
6642328704
6648085445
6644745090
6643755170
6643071805
6642064085
6641584329
6639557150
6636525603
6636165546
6634265650
6633672377
6633146615
6629049528
6628457556
6626974334
6625648008
6625266745
6623077883
6620371937
6619460442
6614862687
6613129320
6612321737
6611050090
6607549704
6606831846
6606622396
6604252324
6603436602
6603331168
6602852957
6602180519
6598246455
6592996264
6590146895
6589075265
6586420081
6579543069
6578042515
6578036347
6577976974
6573656000
6572661680
6572162556
6571533037
6564281613
6561910338
6549510688
6554678468
6552267988
6551194983
6548903571
6675994886
6247415315
5574760596
5512626526
5501765532
5493649118
5392978721
5099176979
4622738244
4376286362
3917747580
3855781038
2915952078
2238314274
288563157
6690688912
4772594345
4262875043
3675224935
3626575301
6694802672
6694404006
6689637378
6689111627
6688089496
6687551785
6686834290
6684561522
6682995659
6681811840
6679244713
6677779345
6677503843
6676614037
6676074681
6675538990
6674502726
6672392859
6668657756
6660856036
6656917811
6660006516
6658043834
6657774420
6655874357
6655270161
6653714467
6652388249
6651717717
6649535158
6648418065
6644553662
6642250505
6641185745
6635570861
6629263224
6626717373
6624614386
6624305961
6624019919
6620774955
6619705318
6617281150
6616918072
6611225963
6606986170
6597887046
6596340284
6596266561
6593603985
6588368690
6585710014
6585454743
6583138647
6579183196
6572929553
6572765119
6570910103
6570772492
6564968576
6562465796
6560616450
6557053915
6553967078
6549428230
6548515876
6546908424
6544028656
6539880056
6538837573
6538290020
6538268911
6538242095
6538128553
6684504221
6679145686
6649531049
6649403435
6544140170
6535301966
6534953631
6527948417
6527938121
6523103580
6523065586
6523050979
6502084850
6500987250
6500975659
6500951726
6494380223
6483043151
6482982966
6421785467
6363748148
6362712900
6362708263
6290308400
6215180271
6198153883
6186096982
6173472150
6168742531
6119623868
6118997337
6116104516
6103984954
6075488850
6075475815
6072802759
6072438161
6055685495
6031156241
6005762466
5993917528
5945351600
5938897594
5901994805
5856574426
5798602714
5783239688
5606199433
5574072782
5542798884
5542793469
5523557503
5222327471
5118445001
4974651137
4949894175
4949890038
4905766442
4902484242
4890865997
4880670321
4820961121
5085837460
4683658337
4646291730
4620783584
4513393224
4470594928
4466983161
4326127078
4266846553
4217953159
4177535499
4131201619
4006603899
3760958165
3634448809
3634287522
3472155008
3184472799
3028689962
2940370415
6697232954
6697227158
6697173342
6697076983
6697004621
6696993603
6696967562
6459905434
6696479424
6696464629
6696101207
6696039933
6696011295
6695817636
6695494846
6695412993
6695328060
6695287698
6694843775
6694821722
6694786658
6694729917
6694527544
6694404545
6694281317
6694290980
6694160068
6687930804
6693985237
6693910770
6693540936
6693326562
6693288778
6693277232
6693256901
6693216337
6693206483
6692924031
6692916891
6687995902
6692274966
6692296605
6692285054
6692274528
6692007570
6691826169
6691820187
6691648384
6625197025
6691613916
6691481376
6690761736
6690210742
6690133205
6689897138
6689814642
6689266769
6689136556
6688312213
6688265523
6687938265
6688259381
6687977070
6687426878
6686808843
6686089895
6686063962
6685943024
6685932145
6685587326
6685502107
6685280763
6684095911
6683589045
6617136087
6683055750
6682667907
6682447618
6681865195
6680944940
6680338836
6679876527
6679435209
6667727746
6679141713
6693631987
6677861964
6676727458
6676675394
6676188021
6675970820
6674195501
6674099333
6673866252
6673849413
6673747323
6697356649
6697352491
6697332178
6697323912
6697314602
6697310067
6697306312
6697293900
6697293674
6697291934
6697288079
6697287201
6697278590
6697273875
6697237022
6697232348
6697231743
6695609873
6697222666
6697220916
6697214859
6697213460
6697208605
6697199475
6697191225
6697189222
6697178303
6697176530
6697171633
6697151358
6697155807
6697140184
6697118987
6697100596
6697088767
6697080673
6697079983
6697065124
6697046079
6697036082
6697035763
6697025675
6697010294
6697002797
6696986451
6627158098
6696971778
6696969637
6696964429
6696958459
6696952358
6696910538
6696909544
6696900909
6696900239
6696872919
6696845926
6696828639
6696828467
6696784723
6696801941
6696804925
6696797929
6696793896
6696784231
6696780503
6696776599
6696773657
6696773074
6696761522
6696752508
6696745777
6696690391
6696704423
6696699738
6696698404
6696695065
6696659550
6696657456
6696645353
6696619680
6696623552
6696604502
6696600014
6696600059
6696595059
6696587912
6696557714
6696552649
6696553677
6696543176
6696543042
6696540218
6696537244
6696533576
6697370252
6697373141
6672840268
6697405572
6697396455
6697394793
6697392799
6697365755
6671699142
6670678692
6697429244
6697423882
6697423225
6697421774
6697462362
6697485969
6697493833
6697505746
6697503033
6697502364
6697513743
6697509260
6697547340
6697534657
6697533571
6697527117
6548174493
6697564260
6697563715
6697550307
6697593343
6697588402
6544642525
6697640009
6697657847
6697682001
6697675394
6697659030
6537558985
6697720058
6697779780
6697770806
6697755628
6697799714
6697765158
6697742785
6697741656
6697737639
6693408891
6535570517
6533725614
6543589627
6697858858
6697822076
6697818955
6697817006
6697940261
6697412027
6697933687
6697926824
6697889009
6697974717
6698000638
6697989138
6697941942
6698020627
6695566851
6698092923
6698091135
6698053676
6698050994
6698030215
6698005967
6698141534
6698237567
6698226333
6698222004
6698214339
6698210023
6698207312
6698203927
6698192663
6698189494
6698178585
6698174354
6698159740
6698140766
6698139937
6698116771
6698267801
6698277373
6698266882
6698457270
6698421223
6698387619
6698368337
6698353650
6698353007
6698352051
6698347829
6698567460
6698561886
6698543130
6698582030
6698578487
6698514183
6698513172
6698506610
6698482077
6698480545
6698478222
6698462250
6698108708
6698662263
6698659109
6698638801
6698628844
6698614528
6698608012
6698596372
6698704400
6698687247
6698728160
6698713999
6698685127
6698956920
6698776791
6699056716
6699056856
6699038272
6699002345
6698998981
6698996517
6698992096
6698988084
6698985814
6698949524
6698942852
6698942630
6698940028
6698932028
6698921045
6698894512
6698868308
6698339200
6698819651
6698794298
6698789884
6698783745
6698777354
6698773707
6699136416
6694421339
6699151117
6699132799
6699186862
6687896399
6699082230
6699191885
6699138719
6699174627
6699161768
6699109359
6699108150
6699087850
6699242942
6699241087
6699224677
6699220518
6699297789
6699315464
6699311322
6699501408
6699506701
6699474823
6699425270
6699350325
6699346805
6696566956
6699629626
6699863997
6699746689
6699879502
6699831019
6699820115
6699807404
6699763131
6699758492
6699750096
6699740521
6699737175
6699737538
6690781894
6699693575
6699663474
6699659595
6699653421
6699638939
6699632606
6699628776
6696748201
6699627643
6699623362
6699617496
6699598428
6699580501
6699577583
6700117641
6699928922
6699919494
6700153425
6700142123
6700141111
6700125946
6700114847
6688131979
6700098583
6700089541
6700068137
6700061468
6700021529
6700012060
6699987193
6699963832
6699957540
6699953885
6699920393
6699918938
6699916647
6699912996
6699721705
6700310434
6700232233
6700281947
6700251730
6700235677
6696745610
6700486136
6700337773
6700425732
6700434079
6700426645
6700403688
6700399423
6700392288
6700380135
6700371081
6700288959
6700303249
6700317599
6700340755
6700343219
6700337536
6700319195
6700318241
6700313568
6700312661
6697108717
6697018821
6696906480
6700612310
6700604240
6700568114
6700519129
6700612499
6700609651
6700592422
6700573123
6700570515
6700564373
6700509946
6700459235
6700705001
6700667680
6700648982
6700687126
6700671322
6700670038
6700651123
6700625854
6700047316
6700749891
6700893096
6700889986
6700884004
6700861451
6700858991
6700847936
6700841879
6700839474
6700834184
6700804404
6700792419
6700789777
6700783953
6700774805
6700771215
6700766552
6700761235
6700752951
6700923045
6700915585
6701021600
6701017717
6701016168
6701011842
6701002825
6700994246
6700986007
6700967024
6698786727
6700925986
6700902072
6701162672
6701164592
6701164163
6701163173
6701159147
6701155955
6697583274
6701115472
6701112067
6701106489
6701080130
6701076935
6701066501
6701033327
6701365970
6701355844
6701345481
6701339596
6701309732
6701299675
6701296955
6701237546
6701226625
6701223837
6701222653
6701194013
6532601197
6701444823
6701462420
6701454275
6701451109
6701412042
6701406724
6701380864
6530221631
6529289256
6701561619
6701559258
6701558218
6701546712
6701545694
6701518273
6701489375
6701479546
6701469980
6701470834
6701468944
6701699135
6701714650
6701703909
6701663906
6701655851
6701633846
6701627762
6701712431
6701701669
6701690540
6701688855
6701682219
6701671916
6701666224
6701654002
6701619940
6701566610
6701433631
6701316322
6687964669
6701771545
6701751663
6701795699
6701782383
6701781961
6701781929
6701770812
6701762581
6701761130
6701760166
6701754115
6701749817
6701724847
6701724783
6701724805
6701724836
6701724157
6701724055
6701724112
6701723931
6701723988
6701724183
6701724020
6701723900
6701723871
6701723763
6701723832
6701723731
6701723797
6701723414
6701723588
6701723624
6701723516
6701723344
6701723240
6701723555
6701723307
6701187027
6701954798
6701952074
6701941915
6701940584
6701934553
6701924509
6701916164
6701877201
6701873979
6701854358
6701851899
6701842739
6701842354
6701835416
6701832175
6701821643
6701772513
6524846889
6702106171
6702093920
6701975351
6702161629
6702151760
6702144346
6702117924
6702115637
6702110416
6702109052
6702108735
6702094376
6702087785
6702082870
6702081675
6701994176
6701988684
6701977647
6701975273
6701966820
6701818884
6702248592
6702208670
6702304280
6702294626
6702287931
6702272550
6702268323
6702264339
6702260591
6702251940
6702250399
6702242583
6702230610
6702206860
6702205838
6702180600
6702401628
6702399883
6702390800
6702387952
6702379664
6702344371
6702366524
6702362994
6702357274
6702353605
6702325858
6702307319
6702438078
6702459521
6702459503
6702446281
6702431484
6702415299
6702504227
6702517547
6702508533
6702492325
6702470931
6702469126
6702586402
6702522504
6702630344
6702616814
6702591973
6702664407
6702724759
6702679228
6702676651
6702674693
6702673216
6702667463
6702644806
6700980310
6702813689
6702800971
6702785756
6702772991
6702759799
6702672556
6702864560
6702864263
6702847021
6702838090
6702833159
6702935147
6702920518
6702919723
6702914256
6702908046
6702898677
6702895613
6702883184
6622471742
6702963928
6702963262
6702955687
6702954809
6702952357
6702981221
6702977540
6702972243
6702971272
6703009823
6702999251
6703048893
6703089971
6703088450
6703086863
6703085119
6703115029
6703125802
6703121993
6703130444
6703134566
6703159655
6703206080
6703231165
6702755020
6703216014
6703285665
6703283599
6703277604
6703290887
6703360542
6702057114
6702048573
6702206409
6700869269
6703383049
6702261804
6703483473
6703447216
6703553344
6703539833
6703516282
6703505848
6703495376
6703576257
6703632918
6703628323
6703600515
6699601892
6703578539
6703644540
6703721874
6703705695
6703688005
6703677491
6703668985
6703664031
6703644584
6496589602
6703742891
6703838635
6703824998
6703832338
6703772621
6703774710
6703773798
6703757185
6703737388
6703731996
6496398433
6702778541
6703869396
6703916387
6703914423
6703912767
6703902641
6703893893
6703886208
6703860449
6496514416
6703994958
6704005505
6703794701
6703992005
6703797068
6703987738
6703985512
6703806276
6703932959
6703924992
6704116081
6704160357
6704159934
6704139768
6704113132
6704234801
6704214326
6704195020
6704190509
6704174560
6704263468
6704236137
6704313417
6704284764
6704330106
6704291162
6704268658
6704259434
6704239974
6704420520
6704332948
6703439831
6704472904
6704429455
6704409570
6704397244
6704378995
6704351989
6704532459
6704556726
6704548780
6704548656
6704546974
6704536560
6704511342
6704510963
6704504270
6704501665
6704500884
6674310918
6701420611
6704668485
6704664562
6704638706
6704635686
6704634804
6700312276
6704790105
6704788920
6704787940
6704786910
6704785742
6704774707
6704725708
6704697138
6704683180
6700378481
6704835197
6704804528
6704882964
6704880273
6704873999
6704865799
6704986189
6705023141
6694976517
6703654393
6705088962
6705068373
6705066103
6705046114
6705058895
6705004763
6704996456
6704964047
6704960853
6704944890
6704939389
6704929341
6704928222
6705347718
6705223407
6705403690
6641287098
6705387875
6705356103
6705353121
6705329427
6705322570
6705318373
6705251808
6705293929
6705283841
6705266190
6697412980
6705259037
6705242480
6705197172
6705172213
6705165059
6705149974
6705143134
6705136599
6705110694
6705565834
6705660960
6705605975
6705580947
6705556612
6705548760
6705535050
6705522643
6699472536
6705519093
6705499043
6705425270
6705755641
6705704059
6705757989
6705755306
6705744523
6705739162
6705732915
6705719575
6705711767
6705707169
6694785398
6705678370
6705675534
6705920774
6705886122
6705942609
6705939321
6705926388
6705913118
6705904338
6705890686
6705875149
6705868248
6705832914
6705824707
6705822291
6706008085
6706067663
6705985379
6706057839
6706050304
6706028382
6706016152
6706014716
6705991864
6705979491
6705976139
6705966118
6705965303
6705868671
6706165824
6706149725
6706147191
6706140179
6706136035
6706131577
6706119121
6706110338
6706102927
6706093231
6524651001
6706323405
6706303045
6706290511
6706287308
6706287857
6706278258
6706278121
6706250075
6706237577
6706206539
6706207097
6706201238
6706183054
6706182678
6706400223
6623621250
6693615378
6706406692
6687905153
6706442028
6706436170
6706372131
6706416888
6706414062
6706394521
6706383622
6706223751
6706372612
6706371075
6706346853
6706354508
6706353983
6706352331
6706138989
6706515028
6706500455
6706498221
6706496202
6706494020
6706492048
6706489935
6706555437
6706533761
6706531325
6706522828
6706518262
6706518084
6706485191
6706304845
6706472072
6706469265
6706467601
6706642233
6706710230
6706706217
6706694990
6706686408
6706684477
6705301768
6706670864
6706669967
6706663472
6706661673
6706648176
6706638877
6706635066
6706634010
6706596802
6706580192
6706557484
6706776360
6706839285
6706799964
6706799142
6706796024
6706795448
6706904563
6706955430
6706951992
6706944369
6706908097
6706918978
6706289218
6704617863
6706870798
6706996207
6707066488
6707060544
6707052075
6707050174
6707044693
6707020457
6707019505
6707012191
6707006060
6707001478
6706997836
6706987976
6706983034
6706981805
6706978164
6706967293
6706964789
6706917583
6706867830
6707127481
6707140996
6655792318
6707104412
6707087301
6707184531
6707174568
6707235199
6707226382
6707218891
6707197068
6707184810
6707162128
6707156860
6707340636
6707402288
6707366593
6707349801
6707348701
6707325877
6707315559
6707310910
6707302886
6707295605
6707283031
6707274648
6707259580
6707259296
6707254297
6707219329
6707245398
6707466668
6707431363
6707450025
6707448536
6707446439
6707446034
6707444374
6707442238
6707440825
6707420080
6707412371
6707541830
6707528907
6707526511
6707502110
6707481735
6707479629
6707478949
6707605700
6707604334
6707287560
6707570024
6707568693
6707568686
6707568681
6707555619
6707626505
6707620217
6707670302
6707686259
6707683829
6707663090
6707660426
6707796367
6707763217
6707758294
6707755573
6707746053
6707736537
6707724561
6707716996
6707857823
6707806925
6707917683
6707915083
6707914127
6707905234
6707902314
6707893507
6707892075
6707997126
6707993245
6707978072
6707977976
6707966914
6707963175
6533578847
6708049279
6708025858
6708005502
6708003573
6707882844
6708076955
6708073085
6708060192
6708084047
6708072884
6708128414
6708117396
6708110551
6708103483
6708084561
6708160874
6708143811
6708143408
6708112462
6708184964
6708178451
6708178078
6708177997
6708211173
6708224753
6708224116
6708226067
6708236568
6708227030
6708274100
6708262742
6708277345
6708320375
6708326046
6703552748
6708055071
6708356003
6708084339
6708253713
6708373320
6708386630
6708467113
6708506237
6708602490
6708591710
6708586177
6708576377
6708563435
6707459479
6708651400
6708664117
6459864666
6708782946
6708782648
6708759240
6708755542
6708714873
6708892215
6708875414
6708843757
6708882315
6708878025
6708867679
6708861121
6708844635
6708842657
6708835613
6708832269
6708829286
6708825434
6708812142
6708805778
6708929911
6708993811
6708981321
6708963727
6708953293
6708948238
6708944737
6708942994
6708933703
6708926433
6709030859
6709095869
6709049326
6709088047
6709071731
6709015833
6709194518
6709189700
6709198231
6709184619
6709159025
6709137734
6709337512
6709320159
6709319041
6709318814
6708358324
6709313660
6709309331
6709304637
6709304347
6709296443
6709293403
6709292289
6709286218
6709279687
6709266543
6709261790
6709250554
6709462246
6709485445
6709454472
6709418256
6709430939
6709417451
6709415397
6709409545
6709389186
6709384780
6709368465
6709364232
6709360005
6709354676
6709354849
6709350570
6705798109
6705537985
6704382792
6704163794
6708224113
6709509664
6709661968
6709655959
6709652791
6709652050
6709643682
6709627984
6709595483
6709605343
6709601075
6709596834
6709590363
6709589773
6709574936
6709565826
6709565062
6706754295
6709525900
6709525318
6709511158
6709359499
6709766401
6709752518
6709732248
6709768410
6709767899
6709759957
6709755467
6709734296
6709540949
6709720193
6709683554
6709682942
6705666506
6709891140
6709870887
6709848344
6709834857
6709823115
6709814307
6709924572
6709919440
6709892061
6710001034
6709992702
6709981091
6709978877
6709978259
6709924419
6709923274
6709919188
6709900265
6709898931
6709898560
6710035050
6710039216
6710037524
6710024364
6710055016
6710052399
6710046640
6710035329
6710020729
6710018477
6710149981
6710139324
6710128557
6710120147
6710117593
6710117558
6710112804
6710096890
6710270229
6710249443
6710237932
6710010863
6710197197
6710455031
6710554657
6710486868
6710654638
6710645204
6710644580
6710579069
6710545864
6710537915
6710664032
6710659091
6710630131
6710628449
6704259431
6710620236
6710602832
6710595055
6710558758
6710542023
6710529858
6710516272
6710515526
6710514641
6710490586
6710493143
6710487518
6710487793
6710486207
6710475268
6710469240
6710468779
6710453312
6710441518
6710436495
6710415862
6710409189
6710403938
6710396837
6710389732
6649466137
6710898947
6710895148
6710887703
6710878813
6710831960
6710807670
6710799935
6710799906
6710794328
6710794349
6710777037
6710748673
6710703988
6711042309
6711041014
6711038107
6711035165
6711019454
6711019251
6711002855
6710964345
6710951026
6710934370
6710914485
6710904695
6710901349
6710900041
6711082143
6711198325
6711183786
6711218315
6711196846
6711194355
6711179589
6711091742
6711088601
6711087131
6711069569
6711064250
6711063203
6711057751
6710972005
6711379545
6690225049
6711376086
6711359094
6711337882
6711315151
6711347067
6711325914
6711322938
6711315117
6711282946
6711272858
6711271288
6711255784
6711222932
6711503750
6711506513
6711535241
6711533083
6711516139
6711511059
6711451210
6711432645
6711390907
6711403775
6711678246
6711651270
6711652370
6711652400
6711643111
6711636658
6711626521
6711579545
6711790734
6711823731
6711796997
6711793195
6711778565
6711769354
6711766134
6711765126
6711730949
6711716100
6711693528
6711685665
6711994868
6711859388
6711859270
6711591663
6711545175
6711953704
6711925494
6711912949
6711894597
6712047955
6712135206
6712129752
6712087168
6712071768
6711094090
6712036625
6712018529
6711857991
6711716535
6711859524
6712249844
6712221612
6712192888
6712175995
6712144530
6712324003
6712319361
2455781623
6712250640
6712249912
6712247964
6712220873
6712191129
6712177641
6712175598
6712171991
6712165791
6712157478
6712152434
6712146090
6712146046
6712143991
6694233630
6712441225
6712435732
6712433574
6712431868
6712430986
6712428662
6712425272
6712417340
6712377909
6706490535
6712365907
6712363831
6712347755
6712344120
6712343252
6712497293
6712468831
6712463067
6712533407
6712500256
6712486797
6712484424
6712481517
6712473327
6712466909
6712453891
6712587726
6712571903
6712554041
6712553935
6693618116
6712606891
6712670772
6712665679
6712664678
6712642381
6712636478
6710028376
6712617721
6689724718
6712582193
6712604382
6712602473
6712596508
6712591382
6712575206
6712564244
6712763499
6712739523
6712759404
6712747039
6712743949
6712724422
6712708172
6712707465
6712706348
6712702154
6712896350
6712863141
6712902340
6712889943
6708898391
6712885141
6712880241
6712859003
6687893681
6712832551
6712830481
6689947578
6712920930
6713064254
6713055949
6712980848
6712961715
6712929187
6712925942
6712922770
6712916335
6713135663
6713127838
6713093123
6713121525
6713120252
6713112419
6713112406
6713079050
6713073068
6713167638
6713163477
6713157146
6713157212
6713150528
6708901971
6713185617
6713265530
6713268006
6713287558
6713281988
6713274408
6713268977
6713265670
6713260684
6713259084
6713254525
6713247604
6713238281
6713233833
6713189232
6713227325
6713199835
6713202557
6713318450
6713302332
6713363728
6713345119
6713377187
6713376289
6713368342
6713362995
6713350244
6713344838
6713336993
6713420361
6713567517
6713548754
6713590324
6713772933
6684091193
6684075382
6714076519
6714118282
6714193654
6714367704
6714357471
6714415810
6714408543
6714389869
6714568713
6714663428
6714801135
6714774200
6714818909
6714796633
6714793338
6714967044
6715005196
6714991873
6714972057
6715141814
6715128301
6715113939
6715087880
6715071601
6715055796
6715322381
6715299415
6715254380
6715232118
6715207633
6715204670
6714958184
6715494321
6715098715
6715492475
6715434269
6715591182
6715638558
6715630729
6714833538
6715912926
6716057886
6716090125
6716184496
6716155491
6716154546
6716556824
6716432639
6716857876
6716842665
6716681911
6716557019
6716498383
6717238568
6717372089
6717528271
6717571002
6717576150
6717740516
6717896967
6717888637
6717769093
6717940047
6718257795
6718679206
6718652002
6718824780
6718772191
6718872767
6718753184
6718730195
6719203921
6719175159
6719348571
6719276714
6719493301
6719795372
6719813645
6719653499
6719843575
6622644501
6538435290
6719842541
6720119325
6538580492
6561905605
6720289686
6718887759
6720739656
6720807646
6720820046
6720895861
6720944116
6720987481
6721029039
6721040732
6721211998
6721415588
6721407812
6721885450
6721863266
6721860355
6721843477
6721833333
6721967498
6721962557
6722295316
6722491410
6722576959
6722554941
6722519598
6722503810
6714741363
6722717682
6722997023
6723169436
6723629148
6723438998
6724039375
6632995756
6723018201
6722725857
6724265112
6724258031
6724233700
6724232068
6724214643
6724509352
6724601285
6724547723
6724684496
6724683316
6724668770
6724852611
6724796293
6724815345
6725008099
